{
  "prefectures": [
    "北海道",
    "青森県",
    "岩手県",
    "宮城県",
    "秋田県",
    "山形県",
    "福島県",
    "茨城県",
    "栃木県",
    "群馬県",
    "埼玉県",
    "千葉県",
    "東京都",
    "神奈川県",
    "新潟県",
    "富山県",
    "石川県",
    "福井県",
    "山梨県",
    "長野県",
    "岐阜県",
    "静岡県",
    "愛知県",
    "三重県",
    "滋賀県",
    "京都府",
    "大阪府",
    "兵庫県",
    "奈良県",
    "和歌山県",
    "鳥取県",
    "島根県",
    "岡山県",
    "広島県",
    "山口県",
    "徳島県",
    "香川県",
    "愛媛県",
    "高知県",
    "福岡県",
    "佐賀県",
    "長崎県",
    "熊本県",
    "大分県",
    "宮崎県",
    "鹿児島県",
    "沖縄県"
  ],
  "municipalities": [
    [
      "札幌市",
      "旭川市",
      "函館市",
      "苫小牧市",
      "帯広市",
      "釧路市",
      "江別市",
      "北見市",
      "小樽市",
      "千歳市"
    ],
    [
      "青森市",
      "八戸市",
      "弘前市",
      "十和田市",
      "むつ市",
      "五所川原市",
      "三沢市",
      "黒石市",
      "つがる市",
      "平川市"
    ],
    [
      "盛岡市",
      "奥州市",
      "一関市",
      "花巻市",
      "北上市",
      "滝沢市",
      "宮古市",
      "大船渡市",
      "久慈市",
      "紫波町"
    ],
    [
      "仙台市",
      "石巻市",
      "大崎市",
      "名取市",
      "登米市",
      "栗原市",
      "多賀城市",
      "気仙沼市",
      "塩竈市",
      "富谷市"
    ],
    [
      "秋田市",
      "横手市",
      "大仙市",
      "由利本荘市",
      "大館市",
      "能代市",
      "湯沢市",
      "潟上市",
      "北秋田市",
      "鹿角市"
    ],
    [
      "山形市",
      "鶴岡市",
      "酒田市",
      "米沢市",
      "天童市",
      "東根市",
      "寒河江市",
      "新庄市",
      "南陽市",
      "上山市"
    ],
    [
      "いわき市",
      "郡山市",
      "福島市",
      "会津若松市",
      "須賀川市",
      "白河市",
      "南相馬市",
      "伊達市",
      "二本松市",
      "喜多方市"
    ],
    [
      "水戸市",
      "つくば市",
      "日立市",
      "ひたちなか市",
      "土浦市",
      "古河市",
      "取手市",
      "筑西市",
      "神栖市",
      "牛久市"
    ],
    [
      "宇都宮市",
      "小山市",
      "栃木市",
      "足利市",
      "佐野市",
      "那須塩原市",
      "鹿沼市",
      "真岡市",
      "日光市",
      "大田原市"
    ],
    [
      "高崎市",
      "前橋市",
      "太田市",
      "伊勢崎市",
      "桐生市",
      "館林市",
      "渋川市",
      "藤岡市",
      "安中市",
      "みどり市"
    ],
    [
      "さいたま市",
      "川口市",
      "川越市",
      "所沢市",
      "越谷市",
      "草加市",
      "春日部市",
      "上尾市",
      "熊谷市",
      "新座市"
    ],
    [
      "千葉市",
      "船橋市",
      "松戸市",
      "市川市",
      "柏市",
      "市原市",
      "流山市",
      "八千代市",
      "習志野市",
      "浦安市"
    ],
    [
      "世田谷区",
      "練馬区",
      "大田区",
      "江戸川区",
      "足立区",
      "杉並区",
      "板橋区",
      "八王子市",
      "江東区",
      "葛飾区"
    ],
    [
      "横浜市",
      "川崎市",
      "相模原市",
      "藤沢市",
      "横須賀市",
      "平塚市",
      "茅ヶ崎市",
      "大和市",
      "厚木市",
      "小田原市"
    ],
    [
      "新潟市",
      "長岡市",
      "上越市",
      "新発田市",
      "三条市",
      "柏崎市",
      "燕市",
      "村上市",
      "南魚沼市",
      "佐渡市"
    ],
    [
      "富山市",
      "高岡市",
      "射水市",
      "砺波市",
      "南砺市",
      "氷見市",
      "魚津市",
      "黒部市",
      "滑川市",
      "小矢部市"
    ],
    [
      "金沢市",
      "白山市",
      "小松市",
      "加賀市",
      "野々市市",
      "七尾市",
      "能美市",
      "津幡町",
      "かほく市",
      "内灘町"
    ],
    [
      "福井市",
      "坂井市",
      "越前市",
      "鯖江市",
      "敦賀市",
      "大野市",
      "小浜市",
      "あわら市",
      "勝山市",
      "越前町"
    ],
    [
      "甲府市",
      "甲斐市",
      "南アルプス市",
      "笛吹市",
      "富士吉田市",
      "北杜市",
      "山梨市",
      "中央市",
      "都留市",
      "甲州市"
    ],
    [
      "長野市",
      "松本市",
      "上田市",
      "佐久市",
      "飯田市",
      "安曇野市",
      "塩尻市",
      "伊那市",
      "千曲市",
      "茅野市"
    ],
    [
      "岐阜市",
      "大垣市",
      "各務原市",
      "多治見市",
      "可児市",
      "関市",
      "高山市",
      "中津川市",
      "羽島市",
      "美濃加茂市"
    ],
    [
      "浜松市",
      "静岡市",
      "富士市",
      "沼津市",
      "磐田市",
      "藤枝市",
      "焼津市",
      "富士宮市",
      "掛川市",
      "三島市"
    ],
    [
      "名古屋市",
      "豊田市",
      "岡崎市",
      "一宮市",
      "豊橋市",
      "春日井市",
      "安城市",
      "豊川市",
      "西尾市",
      "刈谷市"
    ],
    [
      "四日市市",
      "津市",
      "鈴鹿市",
      "松阪市",
      "桑名市",
      "伊勢市",
      "伊賀市",
      "名張市",
      "亀山市",
      "志摩市"
    ],
    [
      "大津市",
      "草津市",
      "彦根市",
      "長浜市",
      "東近江市",
      "甲賀市",
      "守山市",
      "近江八幡市",
      "栗東市",
      "湖南市"
    ],
    [
      "京都市",
      "宇治市",
      "亀岡市",
      "長岡京市",
      "舞鶴市",
      "木津川市",
      "福知山市",
      "城陽市",
      "京田辺市",
      "八幡市"
    ],
    [
      "大阪市",
      "堺市",
      "東大阪市",
      "豊中市",
      "枚方市",
      "吹田市",
      "高槻市",
      "茨木市",
      "八尾市",
      "寝屋川市"
    ],
    [
      "神戸市",
      "姫路市",
      "西宮市",
      "尼崎市",
      "明石市",
      "加古川市",
      "宝塚市",
      "伊丹市",
      "川西市",
      "三田市"
    ],
    [
      "奈良市",
      "橿原市",
      "生駒市",
      "大和郡山市",
      "香芝市",
      "天理市",
      "大和高田市",
      "桜井市",
      "葛城市",
      "広陵町"
    ],
    [
      "和歌山市",
      "田辺市",
      "橋本市",
      "紀の川市",
      "岩出市",
      "海南市",
      "新宮市",
      "有田市",
      "有田川町",
      "御坊市"
    ],
    [
      "鳥取市",
      "米子市",
      "倉吉市",
      "境港市",
      "琴浦町",
      "湯梨浜町",
      "八頭町",
      "大山町",
      "北栄町",
      "岩美町"
    ],
    [
      "松江市",
      "出雲市",
      "浜田市",
      "益田市",
      "安来市",
      "雲南市",
      "大田市",
      "江津市",
      "隠岐の島町",
      "奥出雲町"
    ],
    [
      "岡山市",
      "倉敷市",
      "津山市",
      "総社市",
      "玉野市",
      "笠岡市",
      "真庭市",
      "赤磐市",
      "井原市",
      "瀬戸内市"
    ],
    [
      "広島市",
      "福山市",
      "呉市",
      "東広島市",
      "尾道市",
      "廿日市市",
      "三原市",
      "府中町",
      "三次市",
      "府中市"
    ],
    [
      "下関市",
      "山口市",
      "宇部市",
      "周南市",
      "岩国市",
      "防府市",
      "山陽小野田市",
      "下松市",
      "光市",
      "萩市"
    ],
    [
      "徳島市",
      "阿南市",
      "鳴門市",
      "吉野川市",
      "小松島市",
      "藍住町",
      "阿波市",
      "美馬市",
      "石井町",
      "三好市"
    ],
    [
      "高松市",
      "丸亀市",
      "三豊市",
      "観音寺市",
      "坂出市",
      "さぬき市",
      "善通寺市",
      "東かがわ市",
      "三木町",
      "綾川町"
    ],
    [
      "松山市",
      "今治市",
      "新居浜市",
      "西条市",
      "四国中央市",
      "宇和島市",
      "大洲市",
      "西予市",
      "伊予市",
      "東温市"
    ],
    [
      "高知市",
      "南国市",
      "四万十市",
      "香南市",
      "香美市",
      "土佐市",
      "いの町",
      "須崎市",
      "宿毛市",
      "安芸市"
    ],
    [
      "福岡市",
      "北九州市",
      "久留米市",
      "飯塚市",
      "大牟田市",
      "春日市",
      "筑紫野市",
      "大野城市",
      "糸島市",
      "宗像市"
    ],
    [
      "佐賀市",
      "唐津市",
      "鳥栖市",
      "伊万里市",
      "武雄市",
      "小城市",
      "神埼市",
      "鹿島市",
      "嬉野市",
      "みやき町"
    ],
    [
      "長崎市",
      "佐世保市",
      "諫早市",
      "大村市",
      "島原市",
      "南島原市",
      "雲仙市",
      "長与町",
      "五島市",
      "平戸市"
    ],
    [
      "熊本市",
      "八代市",
      "天草市",
      "玉名市",
      "合志市",
      "宇城市",
      "荒尾市",
      "山鹿市",
      "菊池市",
      "菊陽町"
    ],
    [
      "大分市",
      "別府市",
      "中津市",
      "佐伯市",
      "日田市",
      "宇佐市",
      "臼杵市",
      "豊後大野市",
      "由布市",
      "杵築市"
    ],
    [
      "宮崎市",
      "都城市",
      "延岡市",
      "日向市",
      "日南市",
      "小林市",
      "西都市",
      "三股町",
      "高鍋町",
      "国富町"
    ],
    [
      "鹿児島市",
      "霧島市",
      "鹿屋市",
      "薩摩川内市",
      "姶良市",
      "出水市",
      "日置市",
      "奄美市",
      "指宿市",
      "曽於市"
    ],
    [
      "那覇市",
      "沖縄市",
      "うるま市",
      "浦添市",
      "宜野湾市",
      "豊見城市",
      "名護市",
      "糸満市",
      "宮古島市",
      "石垣市"
    ]
  ],
  "populations": [
    [
      1973395,
      329306,
      251084,
      170113,
      166536,
      165077,
      121056,
      115480,
      111299,
      97950,
      1723318
    ],
    [
      275192,
      223415,
      168466,
      60378,
      54103,
      51415,
      39152,
      31946,
      30934,
      30567,
      272416
    ],
    [
      289731,
      112937,
      111932,
      93193,
      93045,
      55579,
      50369,
      34728,
      33043,
      32147,
      303830
    ],
    [
      1096704,
      140151,
      127330,
      78718,
      76037,
      64637,
      62827,
      61147,
      52203,
      51651,
      490591
    ],
    [
      307672,
      85555,
      77657,
      74707,
      69237,
      49968,
      42091,
      31720,
      30198,
      29088,
      161609
    ],
    [
      247590,
      122347,
      100273,
      81252,
      62140,
      47682,
      40189,
      34432,
      30420,
      29110,
      272592
    ],
    [
      332931,
      327692,
      282693,
      117376,
      74992,
      59491,
      59005,
      58240,
      53557,
      44760,
      422415
    ],
    [
      270685,
      241656,
      174508,
      156581,
      142074,
      139344,
      104524,
      100753,
      95454,
      84651,
      1356779
    ],
    [
      518757,
      166666,
      155549,
      144746,
      116228,
      115210,
      94033,
      78190,
      77661,
      72087,
      394019
    ],
    [
      372973,
      332149,
      223014,
      211850,
      106445,
      75309,
      74581,
      63261,
      54907,
      49648,
      374973
    ],
    [
      1324025,
      594274,
      354571,
      342464,
      341621,
      248304,
      229792,
      226940,
      194415,
      166017,
      3322342
    ],
    [
      974951,
      642907,
      498232,
      496676,
      426468,
      269524,
      199849,
      199498,
      176197,
      171362,
      2228816
    ],
    [
      943664,
      752608,
      748081,
      697932,
      695043,
      591108,
      584483,
      579355,
      524310,
      453093,
      7477917
    ],
    [
      3777491,
      1538262,
      725493,
      436905,
      388078,
      258422,
      242389,
      239169,
      223705,
      188856,
      1218567
    ],
    [
      789275,
      266936,
      188047,
      94927,
      94642,
      81526,
      77201,
      57418,
      54851,
      51492,
      444957
    ],
    [
      413938,
      166393,
      90742,
      48154,
      47937,
      43950,
      40535,
      39638,
      32349,
      28983,
      82195
    ],
    [
      463254,
      110408,
      106216,
      63220,
      57238,
      50300,
      48523,
      36957,
      34889,
      26574,
      134947
    ],
    [
      262328,
      88481,
      80611,
      68302,
      64264,
      31286,
      28991,
      27524,
      22150,
      20118,
      72808
    ],
    [
      189591,
      75313,
      69459,
      66947,
      46530,
      44053,
      33435,
      31216,
      31016,
      29237,
      193177
    ],
    [
      372760,
      241145,
      154055,
      98199,
      98164,
      94222,
      67241,
      66125,
      58852,
      56400,
      740848
    ],
    [
      402557,
      158286,
      144521,
      106732,
      99968,
      85283,
      84419,
      76570,
      65649,
      56689,
      698068
    ],
    [
      790718,
      693389,
      245392,
      189386,
      166672,
      141342,
      136845,
      128105,
      114954,
      107783,
      918616
    ],
    [
      2332176,
      422330,
      384654,
      380073,
      371920,
      308681,
      187990,
      184661,
      169046,
      153834,
      2647050
    ],
    [
      305424,
      274537,
      195670,
      159145,
      138613,
      122765,
      88766,
      76387,
      49835,
      46057,
      313055
    ],
    [
      345070,
      143913,
      113647,
      113636,
      112819,
      88358,
      83236,
      81122,
      68820,
      54460,
      208529
    ],
    [
      1463723,
      179630,
      86174,
      80608,
      80336,
      77907,
      77306,
      74607,
      73753,
      70433,
      313610
    ],
    [
      2752412,
      826161,
      493940,
      401558,
      397289,
      385567,
      352698,
      287730,
      264642,
      229733,
      2445955
    ],
    [
      1525152,
      530495,
      485587,
      459593,
      303601,
      260878,
      226432,
      198138,
      152321,
      109238,
      1213567
    ],
    [
      354630,
      120922,
      116675,
      83285,
      78113,
      63889,
      61744,
      54857,
      36832,
      33810,
      319716
    ],
    [
      356729,
      69870,
      60818,
      58816,
      53967,
      48369,
      27171,
      26538,
      25258,
      23481,
      171567
    ],
    [
      188465,
      147317,
      46485,
      32740,
      16365,
      16055,
      15937,
      15370,
      14228,
      10799,
      49646
    ],
    [
      203616,
      172775,
      54592,
      45003,
      37062,
      36007,
      32846,
      22959,
      13433,
      11849,
      40984
    ],
    [
      724691,
      474592,
      99937,
      69030,
      56531,
      46088,
      42725,
      42661,
      38384,
      36048,
      257745
    ],
    [
      1200754,
      460930,
      214592,
      196608,
      131170,
      114173,
      90573,
      51155,
      50681,
      37655,
      251411
    ],
    [
      255051,
      193966,
      162570,
      137540,
      129125,
      113979,
      60326,
      55887,
      49798,
      44626,
      139191
    ],
    [
      252391,
      69470,
      54622,
      38772,
      36149,
      35246,
      34713,
      28055,
      24833,
      23605,
      121703
    ],
    [
      417496,
      109513,
      61857,
      57438,
      50624,
      47003,
      31631,
      28279,
      26878,
      22693,
      96832
    ],
    [
      511192,
      151672,
      115938,
      104791,
      82754,
      70809,
      40575,
      35388,
      35133,
      33903,
      152686
    ],
    [
      326545,
      46664,
      32694,
      32207,
      26513,
      25732,
      21374,
      20590,
      19033,
      16243,
      123932
    ],
    [
      1612392,
      939029,
      303316,
      126364,
      111281,
      111023,
      103311,
      102085,
      98877,
      97095,
      1530441
    ],
    [
      233301,
      117373,
      74196,
      52629,
      47914,
      43952,
      31022,
      27892,
      25848,
      25511,
      131804
    ],
    [
      409118,
      243223,
      133852,
      95397,
      43338,
      42330,
      41096,
      40780,
      34391,
      29365,
      199427
    ],
    [
      738865,
      123067,
      75783,
      64292,
      61772,
      57032,
      50832,
      49025,
      46416,
      43337,
      427880
    ],
    [
      475614,
      115321,
      82863,
      66851,
      62657,
      52771,
      36158,
      33695,
      32772,
      27999,
      137151
    ],
    [
      401339,
      160640,
      118394,
      59629,
      50848,
      43670,
      28610,
      25591,
      19922,
      18398,
      142535
    ],
    [
      593128,
      123135,
      101096,
      92403,
      76348,
      51994,
      47153,
      41390,
      39011,
      33310,
      389288
    ],
    [
      317625,
      142752,
      125303,
      115690,
      100125,
      64612,
      63554,
      61007,
      52931,
      47637,
      376244
    ]
  ],
  "ratios": [
    [
      0.3777111572261606,
      0.06302972812919767,
      0.048057904373414,
      0.03255991734508999,
      0.03187527346517848,
      0.03159601838528167,
      0.023170324161746685,
      0.02210306828408759,
      0.02130281777754299,
      0.01874779648793193,
      0.32984599436436834
    ],
    [
      0.22229043347894642,
      0.1804667911701605,
      0.13608091865484528,
      0.0487712280611058,
      0.0437025034249231,
      0.04153123142140771,
      0.03162561067025099,
      0.025804856928684054,
      0.02498739886783674,
      0.024690949156047252,
      0.22004807816579214
    ],
    [
      0.2393414807019051,
      0.09329519038705232,
      0.09246497826579014,
      0.07698503305152933,
      0.07686277295804991,
      0.04591279551008068,
      0.04160890978692048,
      0.028688165718600223,
      0.027296218032702924,
      0.026556048818124893,
      0.250988406769244
    ],
    [
      0.47641438125869895,
      0.06088238207190629,
      0.055312867615756066,
      0.03419554160823911,
      0.03303090014057366,
      0.028078676070679532,
      0.0272924018981788,
      0.026562600456299663,
      0.022677276589533606,
      0.02243748468720189,
      0.21311548760293242
    ],
    [
      0.320658008008321,
      0.0891660465533162,
      0.08093469320543366,
      0.07786018163589029,
      0.07215930764083868,
      0.052077014951506094,
      0.04386754795716945,
      0.03305881592742902,
      0.03147257639900698,
      0.03031572628300931,
      0.16843008143807933
    ],
    [
      0.23181998207910473,
      0.11455422007121543,
      0.09388620325141593,
      0.0760767283973158,
      0.05818204970473593,
      0.044644938751548416,
      0.03762919851277168,
      0.0322388853465315,
      0.028482426006084118,
      0.027255865254342822,
      0.25522950262493366
    ],
    [
      0.18161669081450965,
      0.17875877177669935,
      0.15421143473099885,
      0.06402960583737737,
      0.04090877352232657,
      0.03245284624515588,
      0.032187729113570505,
      0.031770415110149074,
      0.029215798799008482,
      0.02441696051391265,
      0.23043097353629158
    ],
    [
      0.09441372524467136,
      0.08428853903144357,
      0.060867614995279054,
      0.05461475705168697,
      0.04955477991174775,
      0.0486025680421652,
      0.036457506760529876,
      0.035142198716502114,
      0.03329393106195341,
      0.02952589266374818,
      0.4732384865202725
    ],
    [
      0.26834858825975894,
      0.08621490565120275,
      0.08046417601153767,
      0.07487587590383758,
      0.06012375681919524,
      0.05959715406906669,
      0.048642471908484926,
      0.04044702262529576,
      0.04017337542017002,
      0.03728999258203985,
      0.2038226807494105
    ],
    [
      0.19234236324911944,
      0.171289405964592,
      0.11500843170320404,
      0.10925115130137021,
      0.05489373991160893,
      0.03883688908829308,
      0.038461459122999725,
      0.03262372944288875,
      0.02831556745104713,
      0.025603498512204052,
      0.19337376425267264
    ],
    [
      0.18026785063919676,
      0.08091123405582071,
      0.04827533624288864,
      0.04662695130477285,
      0.046512175678867874,
      0.033806935960510646,
      0.031286501338027836,
      0.03089819755975855,
      0.026469873440470866,
      0.022603446127956443,
      0.45234149765172876
    ],
    [
      0.1551363040378838,
      0.10230074723763939,
      0.07927974947807934,
      0.07903215540506135,
      0.06786050715413208,
      0.04288723967615459,
      0.03180040353378481,
      0.03174455165741637,
      0.02803684632618769,
      0.027267490707266154,
      0.35465400478639436
    ],
    [
      0.06717620113451457,
      0.05357558027374652,
      0.05325331868218856,
      0.0496833835032533,
      0.049477725509435994,
      0.04207894960517794,
      0.041607338594780004,
      0.041242293876090096,
      0.037323829262149805,
      0.032254135476865294,
      0.532327244081798
    ],
    [
      0.408937229420124,
      0.16652656496130866,
      0.07853919370918264,
      0.04729772227645262,
      0.04201189152241604,
      0.027975811643550518,
      0.02624013825629616,
      0.025891552944317178,
      0.024217477396353517,
      0.02044485331649154,
      0.13191756455350714
    ],
    [
      0.358554054201389,
      0.12126443256444455,
      0.0854265170319706,
      0.04312370302261601,
      0.04299423242561574,
      0.03703585926682391,
      0.0350710861719951,
      0.02608400960898971,
      0.02491786567039421,
      0.023391929756976876,
      0.20213631027878423
    ],
    [
      0.4000119828297646,
      0.1607950800820244,
      0.08768918858848064,
      0.04653396649059638,
      0.046324266969716296,
      0.04247140065750946,
      0.03917129068605566,
      0.03830446824260205,
      0.03126069032695731,
      0.028007931860218358,
      0.07942973326607487
    ],
    [
      0.4090449137591543,
      0.09748826958498083,
      0.09378680930945514,
      0.055822117991110136,
      0.05054012005022401,
      0.044413991378564374,
      0.04284493247837136,
      0.03263236340710942,
      0.03080635676355333,
      0.023464361966082897,
      0.11915576331139419
    ],
    [
      0.3420793544609663,
      0.11538045257105897,
      0.10511786329500837,
      0.08906675638282197,
      0.08380114831462726,
      0.040797378410485315,
      0.037804666544089364,
      0.0358916781745892,
      0.028883907555847653,
      0.026234151341243482,
      0.09494264294926213
    ],
    [
      0.23407047633627745,
      0.09298199695298862,
      0.08575460446878541,
      0.08265327035188784,
      0.05744628839938072,
      0.054388165546054565,
      0.041279102786015355,
      0.03853950867558712,
      0.0382925871694647,
      0.03609622037250578,
      0.23849777894105242
    ],
    [
      0.18201074115324575,
      0.11774594960671599,
      0.07522176394560381,
      0.047948472933006706,
      0.047931383181047366,
      0.04600658883179826,
      0.03283234318565672,
      0.03228742423746747,
      0.02873617378031661,
      0.027538914585907986,
      0.3617402445592333
    ],
    [
      0.20344087303953723,
      0.07999324823549507,
      0.07303680823472691,
      0.05393932104336998,
      0.05052098757695546,
      0.043099605709081834,
      0.04266296465127844,
      0.03869630300463628,
      0.03317713981913761,
      0.02864901033080614,
      0.352783738354975
    ],
    [
      0.21763667420638874,
      0.19084790771336138,
      0.0675415239780227,
      0.05212647136052441,
      0.04587468574552144,
      0.03890287410388963,
      0.037665122941141174,
      0.03525953139957536,
      0.03163985927564721,
      0.02966611820647462,
      0.25283923106945333
    ],
    [
      0.30920812498384137,
      0.055994001921135336,
      0.05099878487195414,
      0.05039141972431907,
      0.04931046621009318,
      0.040926016401908405,
      0.0249243776694865,
      0.02448300710051091,
      0.02241271529079214,
      0.02039585464337351,
      0.3509552311825854
    ],
    [
      0.17253117349261746,
      0.15508339481226988,
      0.11053216092154007,
      0.0898995285422318,
      0.07830119293615492,
      0.06934880531268395,
      0.05014308681127115,
      0.043150304984482454,
      0.028151327436627738,
      0.026017170417352537,
      0.17684185433276806
    ],
    [
      0.24410551708038286,
      0.10180530698000155,
      0.08039487553144078,
      0.08038709403583733,
      0.07980914113510798,
      0.06250521713909778,
      0.058881869822652644,
      0.05738640784940684,
      0.04868386612997927,
      0.0385254773240144,
      0.14751522697207858
    ],
    [
      0.5677554714018572,
      0.06967569364416329,
      0.033425559339153414,
      0.03126659418398216,
      0.031161089598605477,
      0.030218918135811554,
      0.029985799548269704,
      0.02893889926910923,
      0.02860764590178687,
      0.027319869344983316,
      0.12164445963227773
    ],
    [
      0.3114403828604437,
      0.09348160745715649,
      0.055890202015573084,
      0.04543701206820564,
      0.044953967017380685,
      0.043627601572131164,
      0.039908414929927916,
      0.03255716853452007,
      0.02994471968620742,
      0.025994703364059707,
      0.27676422049439414
    ],
    [
      0.2790762016189564,
      0.09707132769576296,
      0.08885394735445659,
      0.08409749895791438,
      0.055553685067269876,
      0.04773612159702778,
      0.04143310469053808,
      0.036255796429717685,
      0.027872084950746587,
      0.01998864776261747,
      0.22206158387499214
    ],
    [
      0.2677517774994281,
      0.09129819935929234,
      0.08809164097720376,
      0.06288161404573743,
      0.05897666468097122,
      0.04823729891058557,
      0.04661778684805202,
      0.041417982850537535,
      0.027808796404305714,
      0.025527134188465903,
      0.24139110423542037
    ],
    [
      0.38666289465241105,
      0.07573294139070263,
      0.06592136867754048,
      0.06375137656842086,
      0.058495486589838976,
      0.05242774641658646,
      0.029450976821622746,
      0.028764860435472543,
      0.027377452893178292,
      0.025451341016102597,
      0.18596355453812338
    ],
    [
      0.340554058766875,
      0.2662001022755404,
      0.08399785329784408,
      0.05916079847201065,
      0.029571364294271665,
      0.0290111979067847,
      0.028797973281870306,
      0.027773410889273174,
      0.025709830197305057,
      0.01951366715636051,
      0.08970974346186442
    ],
    [
      0.3033945935636527,
      0.2574404806250987,
      0.08134389071500732,
      0.06705596266572894,
      0.05522360927754252,
      0.05365162428515659,
      0.04894162944067135,
      0.03420967150728775,
      0.02001561554760209,
      0.017655403009270987,
      0.06106751936298102
    ],
    [
      0.3837527641980225,
      0.2513153769900108,
      0.052920624094486855,
      0.03655413591805265,
      0.029935417319765817,
      0.024405432655239902,
      0.022624590136155285,
      0.02259069958568802,
      0.02032585764274276,
      0.019088852550687554,
      0.1364862489091479
    ],
    [
      0.4288863600483194,
      0.16463537905105616,
      0.07664815755391109,
      0.07022461676278403,
      0.04685141490058585,
      0.04078041162952343,
      0.03235094306465474,
      0.01827158747609567,
      0.01810228374305551,
      0.013449645712293665,
      0.08979920005772045
    ],
    [
      0.19004455094746206,
      0.14452866826272168,
      0.1211347638218588,
      0.10248431700841766,
      0.09621410087037902,
      0.08492845694563354,
      0.044950333778172195,
      0.04164272956703096,
      0.03710567121117626,
      0.03325189131029262,
      0.1037145162768552
    ],
    [
      0.3507578947660998,
      0.09654524507371877,
      0.07591038399908832,
      0.053883003339545474,
      0.05023771504490945,
      0.04898277973036262,
      0.048242048254555914,
      0.03898915863744321,
      0.034511416020090085,
      0.032804815171514776,
      0.16913553996267155
    ],
    [
      0.4393566284028102,
      0.11524724176106348,
      0.06509591220781188,
      0.06044552767499716,
      0.053274737856803096,
      0.04946413763201872,
      0.033287239908907605,
      0.0297597248706648,
      0.028285366705814507,
      0.023881234714452287,
      0.10190224826465623
    ],
    [
      0.3829609668866929,
      0.11362551794558304,
      0.08685528838266131,
      0.07850448105804361,
      0.061995398702916676,
      0.05304676736779886,
      0.030396878729376756,
      0.02651102266112593,
      0.02631998867280822,
      0.025398530611511035,
      0.1143851589814817
    ],
    [
      0.47220860501469936,
      0.0674796501076603,
      0.04727798046930923,
      0.04657374187848052,
      0.03833979005881188,
      0.03721040537824264,
      0.03090840993916362,
      0.02977468703318887,
      0.027523148047726265,
      0.023488598420596737,
      0.17921498365212057
    ],
    [
      0.3139873041318239,
      0.18286073374936274,
      0.05906589287223473,
      0.024607348398723014,
      0.021670177718007468,
      0.021619936384345423,
      0.020118148922323394,
      0.019879405220502983,
      0.019254699025201286,
      0.018907683302000655,
      0.2980286702754744
    ],
    [
      0.28751407987262184,
      0.1446474301305577,
      0.09143721917278129,
      0.06485860973427553,
      0.05904796645971,
      0.054165300785515166,
      0.03823070533691872,
      0.03437337480682538,
      0.03185440240953759,
      0.031439092381217636,
      0.16243181891003913
    ],
    [
      0.3117524195754532,
      0.18533860340146474,
      0.10199669744429128,
      0.07269356413122743,
      0.03302403306518166,
      0.03225592596910655,
      0.03131560438522095,
      0.031074808906689465,
      0.02620632057650705,
      0.022376453250243653,
      0.15196556929461405
    ],
    [
      0.42505009201513433,
      0.07079728999753207,
      0.043596017030422235,
      0.03698553932834417,
      0.035535847934276055,
      0.032809047454957455,
      0.02924234640605971,
      0.028202825632614836,
      0.026701934820264155,
      0.024930665057432515,
      0.24614839432296248
    ],
    [
      0.42319985193779963,
      0.1026122656719924,
      0.07373123863284489,
      0.05948381103561679,
      0.05575200293277051,
      0.046955471005078964,
      0.03217327548467236,
      0.029981705776205406,
      0.02916042325857853,
      0.02491342276385147,
      0.12203653150058905
    ],
    [
      0.37523186758117233,
      0.1501903558045431,
      0.11069246131177214,
      0.055750129023089526,
      0.0475403337397249,
      0.04082926318466383,
      0.02674891732798791,
      0.023926303507184155,
      0.018626072387562923,
      0.017201208703261854,
      0.1332630874290373
    ],
    [
      0.37344609433239984,
      0.07752843370338283,
      0.06365220720085427,
      0.05817890818608587,
      0.048070336268208655,
      0.03273653617552838,
      0.029688538875345033,
      0.02606003062478593,
      0.024562161263675376,
      0.020972689541232648,
      0.2451040638285012
    ],
    [
      0.21644247281053233,
      0.09727696459236242,
      0.08538651293373675,
      0.07883582740480279,
      0.06822920925668494,
      0.044029220159729605,
      0.043308256330580316,
      0.04157262790634285,
      0.036069316106522746,
      0.03246177119960749,
      0.2563878212990978
    ]
  ],
  "distance_population": [
    [
      0.0,
      1721690.8152330953,
      1716444.6648418352,
      926440.3437863659,
      1708951.3232526549,
      1760949.7096234746,
      1651582.2191277673,
      1707375.049926641,
      1470079.1511184014,
      1608091.3143727256,
      778250.3390869804,
      1168034.1557351823,
      1718313.3383841843,
      2263027.326341421,
      1199352.1106993558,
      1597182.8317343635,
      1551881.038219425,
      1756061.1216056803,
      1828959.530731339,
      1613658.9594307095,
      1590469.6533804096,
      1238049.7822753333,
      527095.8374821413,
      1673298.9934225741,
      1650142.2489370424,
      581511.3985288681,
      1091947.7563445973,
      654140.9968600041,
      1650557.1395686367,
      1668972.8763143516,
      1833760.1181122356,
      1810424.2978484354,
      1288518.2106617664,
      795331.1023598914,
      1731414.0508590082,
      1774028.168159119,
      1604182.5337971984,
      1493594.3000369947,
      1712269.4913427033,
      716485.6995523358,
      1781854.114582897,
      1589507.988529784,
      1283634.1570100882,
      1541576.6029318816,
      1609052.3863787034,
      1420371.5088173235,
      1679843.7596925495
    ],
    [
      1721690.8152330953,
      0.0,
      135513.8795105505,
      828739.6557538441,
      169571.44341250387,
      127085.76403751917,
      181119.83299186206,
      203004.40161237883,
      294645.9550290823,
      231923.90683368544,
      1262008.5302140394,
      1116148.177670868,
      1786166.824772255,
      3840289.897104384,
      522885.23390223976,
      169858.01119464458,
      228422.0231129214,
      164230.0839584514,
      198125.75148374832,
      136564.04369745354,
      179900.57984898213,
      749515.8988093581,
      2160238.4677153123,
      176886.72248362793,
      168003.8588693724,
      1195739.411434197,
      2685091.4415125605,
      1451336.6192971913,
      147766.52475104097,
      205132.6325843843,
      181971.84409407957,
      148983.87279165487,
      519766.9774071839,
      973188.4655980053,
      135569.94820387,
      195832.9469777749,
      211608.71680533388,
      258484.82204763978,
      235198.51024400644,
      1532203.1300304148,
      148911.3964208247,
      145074.5549433118,
      484343.96252353553,
      243557.11817764636,
      151172.02440597268,
      342673.0780233545,
      133180.2481526446
    ],
    [
      1716444.6648418352,
      135513.8795105505,
      0.0,
      808928.0839005406,
      57284.293353414076,
      57273.35236390481,
      281564.5712674093,
      219611.9556171749,
      267160.3191512542,
      290095.38312596426,
      1278472.6122702044,
      1143998.049729107,
      1804669.0004615805,
      3867606.944666689,
      530864.208012746,
      151867.45503563297,
      180001.47790226614,
      71696.26117866956,
      128625.65238318521,
      170806.16898402703,
      146756.45651214122,
      810173.4195479385,
      2154191.009241056,
      219084.94168016204,
      104492.84909026072,
      1178824.0521269492,
      2695190.701851726,
      1462477.1894976688,
      72387.94802313435,
      111615.05672175238,
      170841.0584929747,
      146170.50467177024,
      567715.359844174,
      989651.5497471825,
      134145.03975175528,
      116663.32698838998,
      150049.06282279806,
      226136.25016569105,
      150174.8806658424,
      1577620.6869799218,
      94669.44018002853,
      185718.96858425636,
      453271.1863807361,
      192999.21044657152,
      136896.92105741458,
      304393.0326666496,
      63115.23041231807
    ],
    [
      926440.3437863659,
      828739.6557538441,
      808928.0839005406,
      0.0,
      794094.6882267882,
      851316.2952099531,
      802653.6462347879,
      846822.3007827557,
      588544.604710637,
      767282.1103283981,
      756333.1631536462,
      901247.1379621685,
      1659014.1513971484,
      3142375.6798783625,
      339698.76491385716,
      687179.7763424066,
      636480.0708270448,
      840576.0185408575,
      913537.6100577359,
      732710.27056675,
      696533.1724627335,
      676043.3763235906,
      1401843.7460551728,
      814591.3718337556,
      754578.9940450238,
      373311.5047838735,
      1966981.12635658,
      870929.8947045049,
      742817.7014732484,
      749708.4788102639,
      920285.5393039706,
      901599.269256026,
      502984.5711848426,
      376562.9112777837,
      849305.4443938293,
      854762.2112675548,
      686652.7085732642,
      587890.1940328653,
      789105.4254597417,
      973824.2550809669,
      868447.7800069501,
      697844.4534027622,
      363126.11691532185,
      625467.1149341107,
      700038.2006490788,
      506023.9230046342,
      780345.6372870934
    ],
    [
      1708951.3232526549,
      169571.44341250387,
      57284.293353414076,
      794094.6882267882,
      0.0,
      74729.07058166855,
      324088.26656020735,
      266685.87040748895,
      278446.1384361435,
      331843.28521457233,
      1293341.8404652344,
      1175268.9695354847,
      1841143.3952758813,
      3871965.676163078,
      531111.520857908,
      138791.87311943015,
      161283.00182598288,
      53128.00980650414,
      121663.1114183753,
      202513.29769178122,
      166741.32954669636,
      832808.2440400071,
      2153507.9783381345,
      267835.36299376155,
      131366.13882580245,
      1163185.709541688,
      2698677.280510028,
      1475532.916991688,
      79450.0528382455,
      61071.39715120328,
      162000.613443283,
      147715.655957654,
      571135.1126729996,
      991610.8340553768,
      186832.13653705295,
      81085.86983562549,
      117096.3731334152,
      221003.79545609618,
      94615.36603533276,
      1583615.7572725778,
      87764.47874282625,
      198912.72486444903,
      434043.8796320022,
      171106.44351397172,
      130824.72155521678,
      289877.9354607729,
      103286.3269314966
    ],
    [
      1760949.7096234746,
      127085.76403751917,
      57273.35236390481,
      851316.2952099531,
      74729.07058166855,
      0.0,
      293321.30412910687,
      237899.9110445399,
      314580.44424280414,
      312442.785562413,
      1323378.9762928833,
      1186237.1740571107,
      1842406.400471948,
      3908801.9064911692,
      572204.3054818794,
      176194.88397794074,
      217133.80864342613,
      50140.962974398484,
      83924.90116765107,
      199281.90557599554,
      191028.47726189936,
      839631.5038390353,
      2202027.791237431,
      240715.89336809484,
      146860.85562191173,
      1220770.944480577,
      2740525.3966217865,
      1508933.6145874676,
      114871.91514900411,
      130700.47174360159,
      118365.70575973431,
      97029.38214273035,
      593355.7996682934,
      1030545.4015199912,
      150328.1550575274,
      87578.24733916522,
      177125.82467556786,
      268610.29401346477,
      146717.6064962893,
      1611586.825848983,
      45881.97581839736,
      206080.19107376624,
      493062.9901868523,
      229356.77386552157,
      162732.3892100156,
      346310.51018847234,
      104715.69041456968
    ],
    [
      1651582.2191277673,
      181119.83299186206,
      281564.5712674093,
      802653.6462347879,
      324088.26656020735,
      293321.30412910687,
      0.0,
      206446.76169656913,
      291775.82880355255,
      125072.71454637898,
      1143712.3031514524,
      969734.2201423027,
      1646296.3703179327,
      3725898.458105776,
      471861.6204715107,
      276723.2139485229,
      316093.60493372846,
      331361.7826545481,
      368014.8597706348,
      167418.45870154223,
      235181.57809020672,
      619408.2017886104,
      2072066.3164450119,
      148934.67663375108,
      257321.9305655855,
      1158715.6684536547,
      2579852.3984412365,
      1332340.8758789923,
      269065.9957817041,
      351474.20506205,
      357882.18459711014,
      323422.10521082196,
      460572.3724844989,
      888277.0722336584,
      211435.12721636394,
      369094.43114872376,
      332730.9521234837,
      303699.1596432233,
      396357.6672526974,
      1422641.968027796,
      325023.741223622,
      195198.85181783215,
      502661.9243408038,
      331631.39938793494,
      259931.18483552526,
      379436.8075991047,
      244757.92726079375
    ],
    [
      1707375.049926641,
      203004.40161237883,
      219611.9556171749,
      846822.3007827557,
      266685.87040748895,
      237899.9110445399,
      206446.76169656913,
      0.0,
      264587.9605291972,
      186012.6925427402,
      1183452.5787968861,
      1004070.3365870342,
      1620176.6851541223,
      3808045.6591905514,
      533408.3744458837,
      278983.3164599633,
      311547.76592522697,
      280140.8235566534,
      297719.35608723864,
      151450.91198470877,
      187295.67852462587,
      695639.9254183158,
      2117123.4379683677,
      86265.93128808151,
      162941.72388617962,
      1204344.340204661,
      2633372.3799595833,
      1383743.870167814,
      223791.879238278,
      309188.13897205045,
      324929.34858365747,
      284597.283086118,
      549939.9599347187,
      961217.2666098961,
      107181.08754813042,
      314902.0743342285,
      312301.3270320829,
      307969.69867342466,
      356151.9425399783,
      1518529.369646501,
      273371.3346677007,
      241097.82400511208,
      523845.02851797687,
      323292.15573069506,
      274162.4213801009,
      390015.24410463753,
      172799.56101796092
    ],
    [
      1470079.1511184014,
      294645.9550290823,
      267160.3191512542,
      588544.604710637,
      278446.1384361435,
      314580.44424280414,
      291775.82880355255,
      264587.9605291972,
      0.0,
      246986.59165630833,
      1020556.0958506886,
      917466.0827207728,
      1605882.0253131923,
      3617750.0748817627,
      300053.2012393802,
      206199.25351950235,
      175188.76927474546,
      325040.5570386563,
      387261.515418199,
      176808.20363885834,
      129521.42005475388,
      609656.6442621617,
      1897294.8260721106,
      246992.21221730858,
      186159.01834184665,
      951338.9344455529,
      2434610.056856539,
      1203517.880954828,
      207664.5629567067,
      269391.3340402768,
      414170.40459211956,
      382858.5736051891,
      401410.9324370725,
      748844.2008722508,
      271512.89514680515,
